model               acc val_acc time(min)   epochs  time/epoch  acc(65) val_acc(65)
32-32-32            47  53      463         75      6.17        47      52
64-64-64            56  61      710         113     6.28        54      59
128-128-128         61  64      848         137     6.18        59      62
256-256-256         63  64      630         98      6.42        62      62
512-512-512         64  64      594         88      6.75        63      63
64-32-16            42  55      724         110     6.58        41      53
128-64-32           52  59      412         65      6.33        52      59
256-128-64          58  60      629         97      6.48        57      58
512-256-128         62  62      677         103     6.57        61      61
16                  43  58      781         119     6.56        42      57
32                  54  62      752         120     6.26        53      61
64                  61  66      571         91      6.27        60      65
128                 63  66      610         94      6.48        62      65
256                 66  69      1100        168     6.54        64      67
512                 66  68      585         91      6.42        66      67

ELU256              68  70      1527        173     8.82        66      69
ELU512              69  70      1342        149     9.00        68      69
ELU1024             70  71      793         88      9.01        69      70
ELU512-512-512      67  69      764         85      8.98        67      69
ELU1024-1024-1024   70  71      843         90      9.37        70      71
ELU1024-512-256     67  69      813         84      9.68        67      69